[[0,35.4066,532.383,131.189,200.403,22.4021,117.317,57.0705,113.605,197.778,309.1,68.804,155.104,92.8624,155.823,70.2213,44.999,21.7872,325.177,945.846,25.9757,52.0088,78.3387,177.883,247.267,152.023,207.538,32.7105,166.294,511.397,603.218,193.85,258.205,1289.35,255.775,100.833,111.426,116.291,253.722,492.639,10.4886,23.8998,219.306,15.7418,48.3479,222.104,90.9858,110.171,56.5704,38.4582,39.1935,34.4651,177.308,19.3863,29.4832,96.5978,48.9179,28.227,198.648,161.047,132.409,820.848,131.423,38.3002,707.375,298.858,16.8351,124.391,228.692,91.4804,48.3855,134.201,38.0506,61.158,1355.43,86.4265,48.9241,38.6663,1271.84,69.1722,323.875,860.377,50.7491,44.0276,1276.35,23.4582,43.3086,100.358,48.9609,38.4527,1270.12,14.951,143.408,1267.63,1348.82,26.4251,1352.71,1320.51,70.5407,581.072,130.018,1275.1,105.722,85.7461,91.9684,1338.62,1288.91,95.0895,74.3888,350.709,40.7171,85.6549,69.0979,117.786,62.3814,473.633,155.147,46.899,38.1487,124.954,132.327,59.5432,179.345,344.293,95.1574,90.4316,245.596,87.356,353.57,197.669,63.7776,39.2566,78.2949,106.061,58.2153,33.2328,194.951,171.498,49.5712,1268.75,1267.29,1306.28,1301.12,1266.64,1283.91,1316.27,1316.2,1312.43,45.1255,157.678,19.3082,202.994,128.761,174.835,137.658,92.5072,143.81,55.3154,80.1125,130.259,246.207,25.0578,51.9231,115.602,193.958,102.528,144.573,118.35,168.524,44.7341,51.138,75.6635,143.656,69.4137,168.037,96.0917,82.735,62.3658,183.868,173.366,52.9815,82.4996,52.4475,224.215,101.408,44.8469,164.422,48.785,33.2491,1059.78,429.324,39.167,273.231,195.778,60.7445,49.5988,21.9739,129.009,1378.1,1381.41,150.054,1396.53,1494.63,49.491,92.3993,30.0998,60.7465,117.676,284.272,173.013,118.701,78.8819,216.506,353.095,447.61,704.852,1172.98,951.915,180.518,134.898,228.735,184.88,44.9326,1551.26,52.9288,337.097],[35.4066,0,363.03,59.9738,155.851,21.1779,185.169,121.593,123.893,151.158,191.939,35.3331,130.526,80.1394,247.979,176.322,58.4099,54.0473,216.523,674.539,84.8691,13.8821,77.0688,95.5715,134.177,72.2158,103.717,32.4617,184.938,306.017,396.737,82.3905,124.145,1275.28,159.578,36.7475,48.0432,133.494,113.231,330.934,22.6334,73.1842,127.898,36.73,46.1288,185.038,40.1451,33.8507,25.2619,22.955,53.7364,56.6402,159.363,19.0378,58.1909,19.9009,24.5263,56.0746,106.88,181.102,67.2651,557.617,73.1479,15.1538,461.65,147.685,46.8753,89.9943,108.709,39.326,93.5255,130.768,19.8357,106.573,1201.32,188.244,36.7246,87.8407,1228.15,28.8232,165.842,587.189,56.7759,70.0473,1251.66,23.754,119.776,57.1469,70.9877,37.5972,1193.25,22.9228,144.626,1226.18,1197.01,10.7936,1388.23,1323.48,69.1878,354.939,51.1977,1249.37,40.9658,44.7073,174.409,1193.61,1180.53,38.6394,33.4435,203.186,17.8882,48.525,73.5292,51.3999,75.6008,275.485,86.925,11.6806,68.4927,78.869,138.038,50.3376,163.611,204.604,34.6833,52.0265,126.37,40.4398,189.04,341.106,67.8535,22.781,124.707,31.4179,31.4727,37.5454,95.8055,113.756,36.4763,1193.4,1198.76,1290.04,1182.43,1208.51,1258.45,1186.55,1195.36,1222.55,11.9435,52.947,27.923,97.76,86.5266,186.3,81.3801,79.8151,221.013,11.2654,37.7259,62.4522,172.187,49.5807,15.1288,54.2135,107.259,110.42,58.3733,46.0725,181.212,14.2329,21.1185,55.0325,80.7892,18.5468,91.2026,87.2668,154.937,39.4223,179.087,146.694,30.3225,50.8401,53.0551,108.174,72.6733,86.3553,105.214,24.7757,91.9215,761.838,287.29,59.7295,224.553,101.348,19.3949,19.1664,35.1278,177.466,1212.57,1217.98,286.23,1452.02,1282.7,107.071,142.2,34.4705,18.1668,132.578,138.868,104.47,53.3246,27.3455,125.48,197.819,304.762,476.179,947.6,711.462,317.951,104.713,206.269,147.209,26.6824,1321.51,64.5166,198.228],[532.383,363.03,0,203.571,161.458,410.164,812.993,728.406,596.802,770.89,47.7409,261.778,289.926,413.939,902.619,831.294,442.366,538.754,232.049,102.33,706.944,279.957,690.416,529.802,230.502,295.203,270.187,430.672,980.773,196.274,61.9395,336.76,240.675,2314.01,158.537,192.655,223.274,867.725,214.169,603.781,483.714,492.196,160.256,444.469,613.54,684.663,257.629,240.093,391.928,399.05,348.31,385.644,475.149,444.285,423.16,277.36,298.576,595.885,549.957,836.792,417.871,205.651,448.743,334.102,135.77,193.622,505.98,316.139,135.573,197.802,554.494,613.732,483.988,791.553,1752.33,730.16,491.211,723.678,2155.2,352.544,247.61,174.56,361.825,696.59,2251.62,468.917,658.173,255.216,410.77,443.181,2014.75,435.268,882.742,2171.5,1761.05,383.493,2595.97,2411.38,626.672,224.929,322.759,2247.18,208.885,484.524,936.799,1777.2,1892.13,237.568,221.646,501.69,371.553,449.439,632.629,204.736,671.457,148.297,129.364,363.884,638.987,183.673,641.142,310.271,867.762,490.108,397.584,228.416,443.683,490.616,145.531,1227.45,478.898,435.174,705.733,320.333,353.395,372.999,397.335,434.821,314.015,2022.38,2047.17,2324.06,1858.71,2099.21,2256.34,1827.18,1855.83,1997.74,339.582,234.924,396,101.102,389.984,733.402,241.233,481.601,934.395,290.438,262.793,174.495,130.651,433.471,275.262,181.357,104.397,680.314,181.077,185.378,752.584,362.773,436.725,616.211,556.467,315.613,137.884,418.686,528.525,275.687,729.785,392.62,329.824,274.426,523.479,110.063,261.213,615.942,188.209,467.602,714.085,435.01,740.922,362.953,369.021,263.509,303.869,303.368,545.616,807.464,1723.36,1750.34,903.613,2726.05,1638.88,606.781,785.581,441.402,339.585,879.649,185.565,472.223,501.782,323.233,128.558,206.305,113.287,58.1533,218.94,80.199,1260.46,682.491,884.672,163.488,421.246,1623.35,595.794,171.865],[131.189,59.9738,203.571,0,117.102,95.1673,367.922,286.361,272.32,232.356,72.7825,30.177,178.383,192.131,466.41,336.737,159.756,165.847,240.953,428.269,221.773,40.6842,173.408,138.57,157.307,34.2264,116.567,104.396,337.698,156.668,198.691,71.0708,61.6685,1675.61,153.705,28.4693,83.0806,266.513,66.3471,271.263,98.477,136.744,135.366,123.506,154.411,380.6,28.6743,25.6782,63.3778,62.3579,95.7322,80.8205,285.331,102.136,99.1355,48.9344,46.3253,194.275,168.278,260.667,62.5609,325.411,75.0613,45.5993,260.89,74.0762,141.785,148.775,27.5504,37.9971,199.769,304.426,109.712,220.177,1468.38,264.488,96.0958,224.311,1597.92,82.3331,111.429,368.646,108.41,215.153,1642.3,96.5624,191.137,53.5638,92.9322,73.4534,1535.05,86.6096,291.557,1601.23,1470.45,57.7272,1834.61,1741.05,192.417,203.656,77.9759,1639.06,13.9698,120.478,312.512,1471.79,1491.55,53.0852,41.37,184.397,46.1425,68.7875,143.725,11.1113,161.171,142.547,50.4357,65.1664,180.273,64.3946,309.882,97.186,301.028,163.034,88.0158,66.656,121.491,106.939,83.6216,595.7,185.84,70.585,192.901,88.7081,39.2756,101.85,77.1678,244.935,72.8641,1537.96,1547.72,1688.89,1487.51,1571.76,1644.39,1480.56,1493.57,1554.88,63.1656,57.913,103.406,45.9984,190.121,374.251,114.116,199.509,417.326,51.086,81.5969,59.6546,88.6219,102.374,42.9677,35.8187,50.255,290.334,27.2054,29.9079,341.48,75.7856,116.792,158.017,174.532,37.3071,58.1195,193.47,203.705,69.8855,382.099,249.728,86.9436,66.8197,178.995,79.1524,112.717,226.577,106.646,76.6207,210.175,494.011,313.246,80.4508,288.74,133.462,65.4208,45.4026,139.613,380.544,1468.59,1482.6,431.284,1914.93,1498.34,158.057,320.879,85.5101,53.3469,301.644,65.1929,95.7076,133.846,53.2776,102.673,94.1095,138.754,269.539,729.834,438.91,514.174,224.306,287.398,101.539,83.7971,1526.38,197.755,188.654],[200.403,155.851,161.458,117.102,0,145.836,331.645,290.95,227.157,539.543,86.879,117.062,52.1525,181.794,365.901,330.114,149.035,202.679,142.81,446.958,300.167,100.478,401.879,402.753,152.328,225.994,155.346,146.721,623.279,375.676,287.174,290.192,272.088,1785.24,66.7155,81.0006,75.2344,523.027,216.278,673.501,198.71,169.904,102.648,141.598,322.664,386.455,115.493,152.926,223.96,176.603,91.1574,124.358,172.856,169.428,138.488,149.202,91.4983,265.408,429.043,489.838,276.712,539.598,310.707,131.489,383.826,248.24,166.055,78.0199,149.381,68.6444,176.059,275.993,243.299,428.561,1514.14,323.76,269.929,376.244,1680.53,134.482,258.281,458.873,82.6884,312.516,1732.03,193.445,296.803,99.7878,173.793,213.486,1616.89,151.421,555.041,1694.57,1515.41,151.963,1948.41,1833.74,306.076,408.813,203.492,1737.33,105.93,253.568,500.492,1515.56,1558.35,77.7163,59.9285,499.499,180.499,277.472,364.818,102.033,362.759,295.299,25.9936,158.709,288.186,33.1716,267.753,57.6288,552.513,484.752,232.293,53.8759,399.001,283.591,227.14,583.019,156.862,225.186,380.745,169.467,179.005,99.3883,337.722,241.939,65.2435,1620.14,1621.21,1806.47,1539.57,1654.02,1756.06,1538.35,1546.21,1633.94,139.611,168.319,120.15,84.6148,159.552,337.211,71.7836,197.52,420.728,110.979,82.7172,50.8476,97.5351,123.389,89.2825,71.8041,45.3422,304.809,100.208,103.329,346.547,152.256,182.557,343.753,350.56,154.796,48.2905,135.074,179.751,70.8087,369.241,137.954,115.639,81.5706,207.465,83.2,55.5094,240.093,33.9291,243.795,323.904,794.209,690.924,95.5213,142.256,126.235,131.772,124.401,240.072,365.12,1506.13,1541.42,337.903,2045.8,1523.58,289.624,345.278,187.268,164.072,527.942,239.451,378.417,323.367,186.92,36.7489,307.955,273.774,323.57,444.798,401.036,678.553,397.37,649.077,19.5448,193.336,1541.84,238.407,127.102],[22.4021,21.1779,410.164,95.1673,145.836,0,122.644,69.7098,91.3875,193.83,231.059,52.3978,94.3773,67.0994,175.532,114.169,31.0764,24.0004,211.175,765.288,57.9808,27.4954,104.92,155.179,158.293,127.821,123.757,19.1155,208.377,407.484,480.072,150.636,202.393,1260.6,162.103,59.2945,53.6306,154.295,169.747,447.71,17.812,51.6113,139.947,18.7322,59.2577,169.441,67.5596,71.1652,51.8305,35.0349,31.3523,42.8426,118.451,14.4564,40.3087,51.8916,24.991,40.7551,176.37,189.49,115.677,684.41,124.86,32.492,566.014,222.556,21.6331,65.7199,160.058,50.0686,50.715,97.0951,36.67,117.603,1231.9,145.255,62.1726,80.3651,1228.32,26.8777,229.912,684.616,31.115,57.1753,1251.31,15.605,92.76,59.0609,69.8463,51.2871,1196.11,10.483,170.29,1226.47,1226.87,19.8066,1370.32,1307.1,74.285,458.832,76.2394,1242.91,70.8409,74.6766,155.012,1221.41,1199.06,48.999,36.7575,301.364,39.4191,87.1403,102.563,84.8163,79.465,364.812,92.909,31.171,68.126,74.78,109.473,33.189,192.46,297.012,63.3245,44.264,204.75,66.4181,270.368,258.545,37.9543,38.5176,135.219,55.9322,52.5771,17.8569,165.923,115.201,31.9289,1198.17,1207.72,1274.54,1201.52,1213.82,1248.27,1208.26,1213.66,1215.59,26.6684,96.5876,12.2657,128.754,68.5713,140.445,69.6218,54.692,153.742,25.3555,31.6661,67.4951,193.301,27.4622,23.2332,72.6904,126.674,88.1715,81.8846,76.8313,137.162,18.0068,32.386,82.247,115.446,51.3004,94.1614,51.1936,102.975,28.2287,150.841,108.979,24.5986,41.8445,33.6341,135.995,53.5677,48.7713,94.1751,55.8578,64.8937,912.267,383.531,45.2134,187.225,113.522,33.54,35.0242,38.5887,122.986,1250.27,1243.98,201.018,1422.67,1331.22,105.068,104.099,39.0188,40.0858,146.928,211.99,169.814,88.0752,60.1925,139.677,284.844,367.781,559.542,967.771,784.717,276.367,130.265,256.865,132.292,31.4537,1372.62,42.9052,222.777],[117.317,185.169,812.993,367.922,331.645,122.644,0,30.9244,65.8076,343.122,584.444,299.513,171.424,179.083,39.0707,64.1617,106.631,65.9358,343.587,1294.91,98.9487,214.673,254.782,391.342,343.633,428.652,288.837,106.36,281.944,857.255,948.035,439.425,561.067,980.516,331.006,292.304,225.919,248.12,452.25,861.601,133.504,174.797,368.349,119.72,181.656,167.946,294.023,344.325,274.652,216.294,164.591,206.451,110.702,112.644,177.722,259.382,199.589,118.692,419.522,269.69,350.467,1251.96,390.266,232.724,1044.8,581.064,92.7336,142.924,488.899,277.853,65.4067,88.5978,189.103,228.578,1120.11,226.344,264.36,181.223,986.076,150.446,511.047,1137.68,126.309,85.2182,985.276,130.325,205.149,273.238,262.848,249.763,993.58,130.917,257.865,978.168,1110.68,187.294,1037.12,1009.96,143.565,873.038,308.704,977.347,334.327,225.578,207.887,1100.83,1029.73,209.99,226.541,637.947,241.435,322.05,290.813,341.652,189.511,775.671,315.519,204.004,157.025,271.669,64.2591,144.004,261.253,627.53,255.258,213.005,492.179,220.094,654.216,82.0858,69.6625,234.762,305.819,232.388,289.913,114.452,462.998,219.706,166.971,990.773,999.445,989.739,1050.3,982.428,979.493,1063.51,1062.96,1030.52,190.492,353.018,126.645,415.321,149.357,57.4387,192.734,85.2591,30.5761,198.814,183.426,267.174,524.322,119.705,203.81,327.21,378.403,70.8031,321.398,335.878,60.2509,156.607,141.537,206.366,249.139,269.309,328.069,97.7722,189.874,178.842,109.856,148.551,160.818,192.053,73.7509,388.668,173.993,67.3884,245.316,242.555,101.774,1491.56,647.364,193.905,206.417,260.836,226.264,241.013,154.824,33.1912,1151.67,1137.45,104.217,1064.41,1283.95,275.924,69.1249,180.577,247.426,209.782,580.524,471.48,265.467,299.479,345.828,716.393,852.592,1037.85,1352.64,1319.94,253.361,234.618,465.967,330.457,174.8,1346.8,64.6477,409.864],[57.0705,121.593,728.406,286.361,290.95,69.7098,30.9244,0,68.7452,285.296,493.571,206.001,159.927,126.235,63.6024,36.8857,61.2073,32.66,340.252,1204.23,44.355,148.073,175.537,314.808,318.9,320.483,273.994,71.9414,222.196,756.639,849.924,356.39,458.492,1093.59,311.596,218.785,178.673,188.498,391.483,746.928,74.4214,98.7669,311.932,63.9602,115.616,163.234,213.79,254.251,178.319,138.246,103.724,126.168,129.853,66.8903,108.684,194.946,133.747,59.6717,333.206,211.817,277.512,1126.18,289.271,152.414,957.171,493.137,45.9591,129.415,396.477,203.061,33.1663,83.4489,112.158,146.365,1233.62,139.218,166.442,101.895,1100.7,116.345,459.201,1081.95,88.7523,48.8674,1099.73,73.143,122.493,195.926,172.451,154.307,1104.98,76.6714,199.907,1092.1,1223.33,120.562,1150.77,1124.34,99.2756,800.416,237.041,1091.11,250.378,177.018,136.884,1213.08,1143.82,161.38,163.899,540.398,157.56,231.452,190.792,265.864,132.116,688.117,259.862,141.613,91.6431,215.163,77.14,106.824,224.365,536.675,187.285,165.553,409.273,172.259,563.891,92.9703,50.3241,153.557,204.045,185.119,190.507,72.7085,370.813,183.316,119.571,1103.18,1112.09,1103.94,1161.81,1096.93,1094.58,1176.55,1176.7,1137.32,125.142,284.76,69.2114,340.186,120.218,89.9411,168.151,73.2567,54.6143,139.541,134.669,214.603,416.383,73.6368,141.239,244.201,315.614,65.846,261.315,252.558,88.2022,97.0463,100.498,143.848,199.609,196.967,267.711,77.8114,124.352,124.623,114.087,144.654,108.967,138.19,49.4742,334.466,138.423,29.187,210.702,165.703,50.6145,1380.37,577.983,127.852,242.139,245.121,155.833,158.85,88.7557,47.8793,1265.86,1247.4,94.052,1176.79,1396.97,169.066,56.61,104.417,158.75,154.893,483.443,362.3,200.269,208.261,305.663,595.924,704.474,948.45,1321.68,1217.31,192.072,195.952,359.713,275.139,105.961,1457.62,39.0252,399.195],[113.605,123.893,596.802,272.32,227.157,91.3875,65.8076,68.7452,0,330.41,433.469,227.735,98.0666,99.6983,73.4825,129.168,67.9778,80.0202,177.7,1005.16,133.028,137.117,247.369,306.529,182.66,333.445,178.229,70.1171,303.742,652.451,700.795,326.675,406.861,994.197,176.466,180.394,115.891,266.106,308.605,741.056,127.14,169.936,197.864,87.9188,142.184,76.0613,204.676,247.422,223.428,192.658,125.682,193.658,47.8498,76.3745,167.242,150.681,138.026,107.503,310.199,302.776,294.957,1002.64,338.37,173.296,790.33,434.93,89.7482,73.5252,345.439,178.726,62.1323,29.4153,135.453,252.149,980.327,308.754,236.372,192.581,963.523,92.7289,358.225,887.73,79.3721,91.3614,972.878,121.764,264.531,211.42,252.197,224.743,937.897,104.848,251.496,954.936,978.221,141.758,1072.64,1044.73,130.986,672.841,218.457,971.416,246.424,156.03,296.699,968.741,942.574,124.669,140.867,516.725,194.539,278.38,271.573,244.629,223.443,584.819,211.13,130.168,134.262,185.835,17.7688,89.4698,242.479,518.349,170.897,137.43,382.585,176.026,471.548,175.299,28.8405,205.546,332.907,132.787,235.794,81.2573,381.39,94.7554,98.9358,939.904,927.804,1020.9,946.485,950.585,979.705,962.222,969.026,988.752,115.206,233.218,85.461,265.268,56.1306,38.0896,94.288,40.5867,102.918,108.084,98.3259,167.96,422.173,105.103,125.734,224.877,252.065,26.5651,227.603,215.764,74.2718,97.8724,66.3535,168.753,177.15,176.887,215.155,31.984,224.935,121.989,47.8196,57.2771,99.3474,133.189,31.5112,235.623,92.076,52.8631,147.784,186.212,160.771,1255.87,541.443,167.014,114.486,154.83,149.157,182.255,134.317,39.8573,996.759,1007.82,180.344,1136.72,1092.71,294.669,107.576,178.97,170.14,213.981,414.184,395.274,182.781,197.085,194.779,550.198,687.012,775.784,1056.31,1043.85,358.132,207.223,447.965,245.232,143.817,1140.3,47.6475,235.548],[197.778,151.158,770.89,232.356,539.543,193.83,343.122,285.296,330.41,0,516.287,246.375,468.29,337.235,477.831,359.288,290.015,230.67,533.486,1024.92,202.277,213.951,58.0178,48.1283,365.643,167.408,256.668,198.733,50.8067,395.501,673.675,112.273,212.581,1149.24,493.663,265.178,300.393,49.9346,207.25,203.67,147.747,304.767,453.199,248.446,76.3803,315.283,227.05,185.972,138.122,156.819,323.413,286.385,435.654,168.641,285.132,162.105,225.437,206.43,65.1431,104.626,87.5251,712.219,88.9762,193.709,662.51,258.837,229.488,351.796,286.766,294.895,314.407,311.525,117.626,115.416,1193.99,388.152,118.966,165.115,1136.23,174.008,235.122,793.111,312.076,133.885,1150.23,134.266,269.334,272.482,287.384,156.84,1119.82,187.201,41.5455,1129.44,1186.94,156.965,1244.76,1194.35,128.212,422.628,151.02,1139.79,234.368,110.485,174.583,1182.58,1134.06,254.237,278.773,122.733,147.145,100.418,93.3126,245.927,70.2944,417.637,388.528,155.668,175.07,369.444,322.241,329.132,45.1697,118.905,108.901,325.455,87.0828,65.1733,345.773,459.043,278.697,117.94,186.134,168.17,173.304,272.89,94.5311,331.09,279.641,1118.11,1135.7,1153.46,1151.1,1123.6,1138.95,1153.43,1159.65,1144.97,183.761,196.582,252.462,358.273,312.503,336.797,353.73,257.995,319.274,202.853,284.1,321.626,500.805,255.135,220.594,309.19,401.047,241.285,237.912,271.397,267.518,166.476,165.993,56.1756,86.8042,156.766,370.138,342.748,449.456,290.171,326.509,453.279,237.893,277.255,212.144,375.97,373.769,272.625,420.868,97.2154,174.006,780.241,90.2805,309.601,558.59,311.678,208.426,211.367,162.374,318.83,1218.22,1201.07,554.646,1281.08,1316.82,257.196,254.964,186.283,159.489,73.5247,260.408,95.814,65.3265,164.554,456.456,312.522,570.472,789.338,1588.97,1152.16,304.346,90.0223,56.7429,525.192,139.086,1369.53,181.532,485.809],[309.1,191.939,47.7409,72.7825,86.879,231.059,584.444,493.571,433.469,516.287,0,109.076,200.613,286.942,674.952,564.723,277.719,335.259,223.691,205.859,439.77,133.081,423.704,336.172,184.002,139.462,178.58,253.349,674.811,152.701,89.5148,196.756,134.267,2072.7,130.654,81.3893,127.264,574.045,129.232,432.287,273.159,279.911,123.19,259.066,380.77,545.425,112.279,101.997,206.545,197.933,189.839,191.97,366.684,260.984,225.664,145.048,139.217,378.777,360.081,550.587,223.165,225.025,239.437,158.765,157.775,107.774,296.295,206.147,51.0305,81.2288,355.583,458.885,282.335,497.023,1677.98,451.653,269.324,463.93,1950.06,198.275,166.25,235.583,207.197,449.791,2023.42,263.215,389.868,107.325,212.561,228.556,1846.77,237.869,605.024,1963.72,1680.67,194.381,2296.67,2144.91,405.852,197.442,173.474,2019.66,73.7241,297.101,613.29,1689.03,1764.17,120.286,98.3149,333.389,184.968,240.139,370.469,74.6425,405.508,115.38,49.0129,195.344,398.283,81.0014,476.909,172.789,607.739,323.191,230.529,110.083,286.116,296.74,82.8589,911.82,314.571,233.812,424.12,192.189,163.659,212.949,223.572,336.875,163.497,1852.4,1869.71,2086.74,1736.87,1907.27,2032.7,1721.15,1740.09,1839.86,184.244,122.068,222.839,38.9382,275.43,559.095,157.704,334.789,677.585,150.717,145.61,79.7555,35.7318,244.792,129.598,65.3266,39.3731,491.046,76.6984,77.2872,558.105,202.785,268.372,383.854,373.415,156.548,55.1595,287.289,319.521,142.632,569.884,303.42,189.667,145.583,347.02,60.6843,158.198,406.66,110.247,254.547,447.823,432.688,546.445,182.085,312.624,178.105,161.384,135.714,327.013,601.807,1663.45,1684.08,637.32,2405.72,1632.15,346.871,539.864,233.802,166.794,600.008,99.0165,274.31,316.596,169.426,78.8148,113.937,71.0524,118.35,396.268,182.285,879.152,452.657,590.442,77.3724,230.278,1631.81,385.644,162.015],[68.804,35.3331,261.778,30.177,117.062,52.3978,299.513,206.001,227.735,246.375,109.076,0,154.387,116.61,365.234,238.747,93.5355,104.456,261.181,561.743,141.95,17.1778,134.947,151.961,175.993,54.7567,152.23,72.1131,296.164,261.418,302.372,102.19,108.544,1619.45,174.373,26.8331,65.6383,226.73,126.711,343.266,53.0692,63.274,120.073,63.6352,113.721,325.549,30.1797,21.832,30.1772,30.9675,42.556,30.1577,242.572,63.1875,45.3485,47.5064,26.1202,111.304,171.419,255.14,86.5624,460.342,80.8583,16.7059,397.32,128.49,82.8158,128.462,73.8962,21.3257,140.822,242.794,65.9164,159.578,1494.48,169.49,48.3917,135.587,1557.7,73.4104,191.342,535.412,74.9511,160.379,1596.26,59.6614,110.554,36.8469,32.7668,36.2749,1515.68,46.2357,253.983,1564.89,1494.16,25.9277,1756.76,1666.82,147.136,335.895,75.2154,1591.28,14.638,101.873,233.725,1491.43,1492.06,56.9865,24.6883,240.278,18.7278,57.0224,103.557,26.4594,131.121,234.428,54.7513,38.7991,126.016,52.7602,259.96,63.2066,289.083,228.268,80.5625,51.6096,164.375,103.85,153.66,480.639,137.418,36.3249,121.789,78.6694,15.6139,60.7942,108.381,192.772,48.035,1517.95,1528.16,1632.5,1490.76,1541.48,1597.48,1490.23,1493.87,1533.22,37.4469,72.214,50.1911,71.0886,151.927,320.154,110.043,158.848,350.046,31.6086,55.0899,57.352,80.353,65.0164,22.3453,23.645,69.1945,233.524,47.6735,26.8902,312.979,51.4287,90.4929,133.814,170.886,31.5216,61.7529,146.819,127.389,38.9025,318.369,206.256,52.7019,53.4256,132.18,99.6947,84.3696,158.104,108.054,54.2473,146.63,689.789,382.776,39.2062,281.291,147.897,33.238,14.7831,76.319,301.912,1502.76,1515.58,336.91,1822.98,1559.36,84.9401,240.465,47.0279,30.437,243.74,112.818,103.496,122.799,33.2869,118.309,149.977,180.405,379.323,832.836,560.828,407.703,197.21,270.696,97.5123,60.1431,1595.74,155.146,236.851],[155.104,130.526,289.926,178.383,52.1525,94.3773,171.424,159.927,98.0666,468.29,200.613,154.387,0,97.4643,197.27,222.025,71.6134,120.638,78.1303,628.507,220.548,100.662,361.444,376.151,116.775,280.999,120.944,100.583,517.906,492.059,442.165,311.938,338.098,1402.18,51.6387,104.694,48.9256,440.966,239.205,734,156.031,162.836,95.0588,94.2806,255.943,202.51,143.894,180.935,219.004,172.578,78.8892,139.816,47.646,114.675,136.428,135.04,93.2578,178.278,399.508,432.204,300.515,726.123,339.299,142.381,537.659,313.937,107.6,17.4364,217.611,90.268,95.2254,117.881,193.307,379.891,1215.91,311.28,261.609,300.712,1327.66,85.8887,282.795,595.498,51.8535,212.87,1370.23,146.228,283.484,118.788,203.225,218.211,1269.03,119.594,451.719,1333.57,1212.74,138.904,1555.47,1453.44,221.717,511.961,184.164,1366.97,150.756,216.098,422.915,1212.99,1233.54,67.4037,63.9465,524.691,185.83,295.145,352.313,156.558,308.398,400.859,64.3141,137.327,233.216,54.7089,115.665,35.1357,440.889,519.631,194.934,51.3976,410.119,231.257,327.111,390.363,54.7824,211.855,392.854,124.934,207.816,59.3799,370.616,125.431,62.7162,1271.45,1281.55,1417.69,1221.23,1300.06,1379.92,1220.3,1230.74,1280.42,118.513,174.193,79.6961,126.902,61.4834,157.061,25.9055,80.8332,249.146,92.9494,49.4551,52.9413,197.003,99.7699,84.8213,111.17,95.5879,157.605,126.81,132.889,195.08,102.617,118.797,278.642,280.221,166.337,74.7613,37.274,168.802,56.3256,187.237,33.2333,78.8151,70.6029,103.614,99.9134,19.1579,133.374,22.821,235.251,241.381,997.062,656.77,109.724,54.1089,85.6745,111.707,131.367,195.466,183.006,1218.76,1229.67,246.751,1635.46,1253.49,310.543,213.86,171.578,157.518,406.424,310.159,416.323,262.945,189.497,62.3642,412.077,433.273,481.262,592.637,615.411,575.511,317.807,610.121,68.9465,152.22,1275.85,128.866,110.353],[92.8624,80.1394,413.939,192.131,181.794,67.0994,179.083,126.235,99.6983,337.235,286.942,116.61,97.4643,0,184.077,183.478,25.8559,77.855,162.941,804.327,137.964,82.0824,230.652,244.21,124.936,239.565,153.289,91.3988,325.477,507.606,543.197,233.292,291.597,1182.18,158.423,106.183,53.5361,285.791,248.387,592.454,91.2356,114.015,93.383,54.0197,140.041,116.223,144.291,138.077,109.842,121.925,68.9591,127.663,83.4209,64.1129,121.958,103.087,94.6946,54.4312,258.58,374.018,253.429,785.988,260.05,109.116,662.559,299.275,80.4071,79.5039,243.906,91.2846,99.5031,67.0727,87.5864,234.737,1106.59,264.591,143.798,131.214,1130.7,84.4488,316.64,778.309,87.0849,130.604,1165.58,103.304,207.598,127.753,146.91,143.348,1100.62,89.0621,279.816,1138.55,1102.61,88.8794,1311.92,1220.29,121.545,583.17,127.948,1159.77,145.41,128.428,282.507,1100.22,1086.27,105.429,74.9015,423.042,117.111,207.322,227.536,175.21,214.14,436.598,135.775,74.5555,154.96,104.225,94.8195,72.532,304.255,420.424,113.256,91.6191,308.931,151.326,350.916,331.562,58.8769,119.765,255.03,79.9806,157.532,56.3851,282.856,38.5456,84.77,1100.63,1118.88,1188.33,1089.97,1116.81,1166.03,1088.38,1090.16,1111.82,68.1385,148.615,50.2533,172.439,47.2896,135.698,78.1485,54.1709,224.426,65.9825,50.3963,93.7331,249.262,106.224,78.2619,123.646,159,93.6863,150.299,111.838,217.244,66.534,72.0591,173.884,198.096,127.027,135.038,50.6037,187.483,68.2886,109.453,60.1962,47.2672,103.926,63.923,143.235,60.0213,95.6951,116.864,148.227,161.777,1103.26,534.67,119.574,169.927,120.908,56.5932,95.778,92.8208,124.58,1119.09,1122.38,292.102,1365.53,1185.94,216.177,124.942,128.625,109.513,223.605,282.526,286.133,153.579,104.362,156.4,380.088,451.686,604.506,934.647,827.968,415.773,194.635,413.909,191.64,110.594,1226.49,97.7539,214.55],[155.823,247.979,902.619,466.41,365.901,175.532,39.0707,63.6024,73.4825,477.831,674.952,365.234,197.27,184.077,0,72.992,127.841,118.099,388.438,1443.01,137.639,273.137,339.388,505.548,403.112,537.936,382.786,165.813,373.737,1018.15,1079.3,559.244,683.877,991.194,373.67,357.447,269.929,338.059,580.205,1042.71,197.053,199.2,402.758,144.171,241.538,190.011,364.138,430.661,349.772,293.561,199.538,257.147,115.829,166.303,216.413,335.862,260.526,147.778,525.476,374.643,477.002,1435.01,504.475,288.129,1204.54,713.165,128.873,187.934,598.381,333.91,84.6832,102.428,247.165,285.189,1159.8,270.573,341.189,219.985,998.557,230.498,653.285,1322.95,162.204,133.805,984.691,203.066,259.747,350.946,320.344,316.121,1016.77,184.289,346.251,988.135,1150.13,248.277,1013.26,1013.32,206.811,1057.27,397.899,984.295,416.271,291.892,267.836,1134.78,1060.63,284.503,281.381,795.103,317.834,420.022,365.011,427.317,293.025,927.17,381.428,261.9,194.692,324.262,71.1422,174.712,361.217,795.767,332.668,268.233,635.483,318.253,782.547,59.23,93.9525,313.011,370.129,301.257,368.696,155.104,599.069,235.28,205.096,1014.39,1002.95,1014.08,1076.93,999.217,995.22,1103.41,1100.44,1074.14,250.739,448.9,157.625,493.511,183.616,74.2572,244.75,133.131,66.5181,253.17,236.396,331.888,598.421,165.97,261.358,389.614,456.874,92.5634,422.522,405.311,124.916,222.494,188.17,285.816,350.564,340.861,401.088,122.119,218.98,230.085,121.405,158.898,212.205,263.808,111.96,465.725,204.042,87.6205,295.796,316.909,162.394,1738.14,825.357,236.139,224.732,334.421,278.526,305.827,199.289,45.4924,1191.04,1191.71,87.4316,1048.15,1341.76,323.565,98.9131,257.391,319.866,281.164,702.959,592.443,358.869,356.894,396.227,846.453,971.783,1174.93,1411.18,1445.9,272.184,317.757,586.318,380.413,251.88,1407.94,104.369,478.157],[70.2213,176.322,831.294,336.737,330.114,114.169,64.1617,36.8857,129.168,359.288,564.723,238.747,222.025,183.478,72.992,0,98.8822,62.7718,463.453,1372.9,45.5167,192.628,210.292,408.043,433.365,392.728,388.338,107.728,269.738,889.509,970.663,447.238,557.138,1262.36,409.596,287.469,258.857,225.346,510.089,861.596,100.799,82.4466,405.791,90.9732,156.048,287.969,265.221,320.763,225.452,177.852,121.084,125.516,204.839,105.504,106.624,277.351,178.312,96.5833,436.565,240.974,336.676,1279.36,347.676,194.786,1110.11,609.901,57.0786,199.188,482.634,265.109,48.9254,171.69,171.213,149.724,1478.14,92.3561,204.356,119.516,1278.67,188.705,598.427,1260.21,122.023,86.1288,1263.52,114.861,94.0073,259.234,175.092,182.511,1311.22,104.005,259.615,1269.86,1467.89,155.343,1282.08,1280.42,154.157,947.019,327.252,1262.41,303.567,235.502,109.492,1453.88,1360.2,231.365,215.01,665.917,193.02,272.8,221.778,319.281,155.587,819.941,321.081,195.524,116.433,269.154,140.376,143.626,297.125,644.425,274.017,228.301,511.5,246.306,677.587,71.5541,108.197,188.999,186.714,271.623,224.81,105.462,453.098,294.86,150.618,1306.39,1307.72,1272.97,1389.71,1285.49,1267.39,1409.09,1403.09,1362.34,183.299,394.531,107.361,428.068,218.951,157.91,243.632,145.5,75.8499,197.033,207.71,291.885,457.509,82.2367,196.847,304.228,383.862,131.405,336.625,328.091,162.908,163.232,167.314,195.344,294.033,251.642,338.188,147.84,87.5719,168.35,206.745,228.124,163.174,183.882,104.056,438.622,192.26,54.7779,282.974,206.285,55.5981,1555.43,710.536,130.24,317.865,349.693,217.304,210.104,109.186,100.131,1512.72,1505.89,45.7305,1298.18,1674.3,150.176,93.8972,133.009,225.768,210.678,592.258,419.939,287.752,265.834,387.639,701.231,781.83,1081.64,1461.5,1350.51,153.827,266.367,413.337,308.884,161.179,1750.43,94.5427,520.383],[44.999,58.4099,442.366,159.756,149.035,31.0764,106.631,61.2073,67.9778,290.015,277.719,93.5355,71.6134,25.8559,127.841,98.8822,0,34.7209,184.131,849.851,74.8265,58.0187,176.459,236.787,155.03,209.406,149.904,42.7956,276.273,520.327,560.973,231.584,295.163,1189.73,160.092,93.8352,54.02,229.063,244.857,597.974,49.2096,62.2999,132.037,21.7999,105.417,140.863,106.895,127.133,94.0677,77.7747,34.6869,69.7875,71.269,30.7459,64.5658,92.7995,56.5516,36.1369,256.913,272.041,208.622,814.021,217.13,76.136,674.687,307.625,28.3763,49.9931,227.443,83.1198,39.4677,66.6112,70.7947,171.387,1167.22,171.648,113.673,105.91,1149.25,57.7314,305.237,791.58,43.9099,78.8444,1176.56,53.2121,129.495,99.2771,102.284,96.8547,1131.55,41.0761,239.702,1156.58,1162.8,52.8495,1298.4,1220.93,84.1439,581.452,119.387,1171.45,119.01,108.72,199.46,1156.89,1130.34,75.4181,51.8306,418.974,84.4703,163.996,179.943,141.834,146.271,444.516,115.882,57.2863,102.017,78.4104,71.868,35.9378,255.984,407.873,103.722,71.6007,302.201,126.461,353.86,235.944,24.28,91.3583,190.435,82.9475,115.829,21.0991,261.187,81.2132,44.8341,1131.72,1144.82,1199.08,1136.35,1141.87,1178.22,1140.92,1138.42,1148.47,48.3781,154.577,20.5325,174.645,50.6337,109.481,62.9703,36.6092,150.61,50.0688,43.9095,80.4485,229.592,47.1799,54.5358,106.899,149.677,75.1816,126.965,110.556,154.722,44.6537,53.7029,131.7,172.341,102.061,118.882,32.0151,110.06,38.1727,116.765,62.6129,32.558,58.5053,34.4087,157.069,40.627,47.4045,93.5259,111.898,92.18,1094.66,520.698,65.8792,153,119.075,50.3761,68.5571,59.118,89.0872,1184.2,1188.63,177.358,1345.78,1270.19,151.888,81.3716,74.4885,80.3141,193.403,293.347,265.171,142.743,96.579,152.948,390.143,462.553,642.005,963.271,856.015,312.283,163.138,362.905,147.899,64.1182,1317.17,53.0855,227.287],[21.7872,54.0473,538.754,165.847,202.679,24.0004,65.9358,32.66,80.0202,230.67,335.259,104.456,120.638,77.855,118.099,62.7718,34.7209,0,271.35,959.99,38.7907,69.6923,128.943,220.003,222.824,210.105,187.533,28.8421,203.637,560.053,639.477,234.813,307.17,1194.33,226.826,118.931,105.203,160.554,263.918,566.185,24.3557,49.8512,200.255,30.0493,75.587,175.515,126.166,143.06,89.1464,70.5482,42.5414,60.4809,122.593,21.0545,52.5625,112.184,61.1638,32.3917,250.497,206.815,174.175,879.889,192.044,77.1322,746.828,339.172,19.8178,93.4657,261.833,105.576,33.2962,92.7291,62.5561,116.92,1252.58,109.684,93.9426,67.0914,1186.32,59.3712,341.857,865.268,39.8884,48.2431,1195.78,33.6675,76.7292,114.232,88.9582,84.3874,1170.85,27.2832,178.055,1176.11,1245.19,54.3198,1282.69,1241.67,86.3255,612.828,152.791,1185.49,141.354,114.428,126.507,1240.42,1188.34,92.6319,83.2539,414.4,75.5729,137.373,133.335,153.528,83.283,510.924,155.732,70.9304,78.3684,132.11,95.1482,55.1735,211.014,401.726,122.176,83.5106,289.362,100.493,401.933,177.776,44.6381,74.836,144.263,109.216,103.271,24.273,246.478,143.908,62.61,1168.85,1183.45,1200.27,1206.42,1172.43,1184.33,1210.37,1218.22,1202.04,57.5496,174.861,25.4687,214.816,96.5794,111.257,107.235,51.8689,86.8892,65.3025,65.786,128.429,281.282,31.0959,67.6026,144.793,199.149,75.9356,152.303,143.168,113.46,42.9198,56.5132,108.983,158.781,111.668,169.155,59.7905,81.0408,54.9221,130.453,120.103,45.343,75.4797,33.1159,220.871,83.1083,23.9585,142.653,94.627,36.5031,1134.96,469.497,65.9542,203.667,169.125,79.8768,78.4706,49.4748,82.9758,1277.87,1260.1,139.312,1319.9,1381.18,110.775,72.2287,53.4465,95.8826,138.166,328.34,239.204,137.937,118.963,205.952,418.79,495.568,717.723,1136.09,972.806,232.498,159.28,302.758,182.709,63.1178,1434.84,41.8267,306.613],[325.177,216.523,232.049,240.953,142.81,211.175,343.587,340.252,177.7,533.486,223.691,261.181,78.1303,162.941,388.438,463.453,184.131,271.35,0,457.402,426.102,185.658,503.374,391.344,48.2224,345.301,89.0524,213.672,651.097,389.037,333.095,309.076,310.605,1352.31,27.0886,153.006,80.0221,580.115,188,687.75,296.774,362.643,74.1081,241.71,367.696,200.458,220.426,234.2,316.551,308.077,222.612,320.458,94.9208,224.84,318.008,161.797,203.484,315.852,406.635,608.998,366.721,583.127,436.528,262.217,400.529,273.761,275.405,76.9023,217.147,163.057,257.931,172.062,286.893,571.759,988.603,606.949,394.632,476.75,1240.14,152.249,212.185,414.767,183.999,356.76,1308.28,278.732,536.103,221.51,384.27,370.844,1141.14,252.297,555.291,1249.06,994.673,253.737,1566.23,1433.92,336.26,388.208,214.627,1303.13,221.887,271.169,663.479,1001.87,1064.36,121.623,139.097,493.105,297.941,404.137,510.343,224.613,456.919,308.012,120.775,212.391,402.766,134.462,178.928,147.928,509.669,491.318,231.198,132.191,388.173,281.875,275.551,649.773,156.577,328.403,607.454,142.242,330.669,182.468,397.75,114.832,172.354,1147.16,1162.41,1365.6,1046.81,1201.88,1308.66,1029.81,1049.26,1144.61,188.618,177.081,210.304,131,90.6742,224.338,49.2585,144.403,427.369,154.675,109.025,99.6446,297.113,256.863,171.475,188.617,122.999,232.664,153.24,171.284,301.137,180.426,187.289,367.589,315.385,232.68,116.327,108.062,411.856,154.095,228.455,68.3375,162.239,155.299,187.229,74.7714,88.5337,280.423,71.1341,337.455,443.005,834.286,602.9,279.674,58.6819,71.6823,185.079,243.268,337.521,295.726,976.735,995.942,537.842,1668.79,956.399,542.328,375.049,329.171,242.157,519.301,272.172,476.857,286.088,248.886,71.2841,385.938,444.037,345.083,460.696,503.362,880.546,380.532,730.234,171.105,263.852,965.498,249.964,30.7484],[945.846,674.539,102.33,428.269,446.958,765.288,1294.91,1204.23,1005.16,1024.92,205.859,561.743,628.507,804.327,1443.01,1372.9,849.851,959.99,457.402,0,1160.3,584.024,1031.16,732.41,430.009,509.401,452.413,797.161,1347.26,191.279,74.6274,506.709,365.017,2768.63,386.361,449.105,502.708,1227.56,334.517,641.944,856.604,933.021,409.538,847.654,965.829,1035.44,520.824,469.658,703.924,723.095,742.299,770.292,851.425,815.446,826.108,519.656,610.976,1020.98,750.721,1201.92,630.934,108.965,683.675,646.053,67.83,282.226,918.642,634.059,292.907,475.216,1000.68,1004.29,816.658,1203.48,1989.53,1233.04,817.217,1160.61,2562.93,639.962,328.206,59.1557,732.007,1105.56,2689.89,823.311,1120.89,529.474,792.058,782.937,2369.15,799.408,1229.31,2585.65,2000.66,710.841,3124.55,2885.79,1003.04,191.545,540.652,2683.53,451.083,774.544,1405.83,2024.82,2203.18,514.686,520.215,584.316,688.422,732.882,967.875,439.823,1023.92,172.988,380.856,668.696,1057.14,470.326,1050.05,667.13,1183.37,583.79,655.449,523.197,593.928,755.098,218.618,1827.43,860.482,756.724,1113.14,572.257,654.447,752.775,571.1,757.903,654.994,2381.34,2412.19,2781.64,2144.63,2486.32,2697.83,2102.99,2142.31,2325.82,656.456,414.907,776.292,291.252,717.772,1149.77,538.65,852.785,1419.71,591.712,567.914,427.448,356.361,830.863,573.248,440.001,329.227,1083.65,394.551,431.9,1153.58,680.063,763.468,937.346,837.889,585.061,371.37,787.727,1005.95,609.515,1136.54,752.218,672.921,595.556,906.024,292.63,598.842,1058,465.951,771.708,1160.58,251.887,832.204,743.072,691.342,485.941,610.558,606.241,944.459,1278.02,1944.15,1974.94,1479.95,3288.87,1788.89,1031.06,1239.66,812.091,622.917,1252.18,290.472,693.173,756.989,607.231,351.808,280.641,224.129,36.5828,244.62,32.5402,1813.69,982.157,1180.56,460.897,752.707,1740.9,978.241,339.577],[25.9757,84.8691,706.944,221.773,300.167,57.9808,98.9487,44.355,133.028,202.277,439.77,141.95,220.548,137.964,137.639,45.5167,74.8265,38.7907,426.102,1160.3,0,112.922,84.1597,230.976,346.628,231.061,285.083,67.1293,146.229,659.271,789.681,269.916,372.271,1213.52,368.327,191.234,187.046,112.049,353.545,585.827,39.0997,54.4568,324.887,50.1422,59.0403,234.116,171.335,184.525,107.38,75.5978,92.0359,79.8783,213.962,52.5131,71.7178,161.668,102.722,40.9453,244.742,141.253,186.919,1008.6,179.234,100.876,884.101,414.561,28.0036,177.432,336.435,174.425,60.3236,149.869,69.0614,64.7277,1372.95,81.3366,81.2243,44.2263,1218.89,109.645,423.822,1047.29,98.2531,31.4878,1215.84,42.2525,55.1406,156.221,103.648,83.5695,1234.34,49.1506,138.177,1214.7,1359.57,70.1449,1260.98,1228.58,70.8266,723.278,180.074,1210.62,188.932,133.163,60.1295,1348.25,1275.94,161.141,147.446,419.279,90.0414,135.053,91.7559,208.995,62.4593,612.533,251.175,103.224,49.9217,207.22,144.628,120.251,177.934,410.574,144.017,168.408,315.804,131.97,483.886,144.8,89.4068,83.4557,93.326,165.534,111.597,78.0769,265.098,225.145,107.46,1230.82,1239.04,1224.06,1291.32,1217.06,1220.26,1309.69,1305.62,1265.17,102.893,242.145,60.6954,316.408,169.939,169.23,207.367,112.379,109.591,117.206,141.382,210.312,338.526,60.2902,113.954,197.593,298.001,105.246,226.717,212.659,157.29,87.5051,95.4852,89.2262,162.001,141.627,252.586,133.682,105.775,121.601,186.329,223.253,99.7122,136.326,77.3523,327.767,170.242,48.4856,241.433,91.1705,19.8459,1243.56,477.013,94.3856,344.099,266.169,127.965,109.367,37.538,118.818,1405.56,1391.49,133.762,1286.12,1543.71,82.0421,65.0191,60.0376,110.959,108.215,398.529,238.919,150.932,149.052,321.637,479.282,596.597,899.107,1398.72,1169.55,122.81,150.043,223.677,279.235,70.9297,1604.34,54.6184,444.34],[52.0088,13.8821,279.957,40.6842,100.478,27.4954,214.673,148.073,137.117,213.951,133.081,17.1778,100.662,82.0824,273.137,192.628,58.0187,69.6923,185.658,584.024,112.922,0,123.967,139.979,122.854,72.1172,103.619,33.4246,263.023,280.251,327.72,96.7847,121.147,1442.46,119.907,20.8718,33.3882,201.169,105.976,371.615,36.8957,62.598,97.1773,39.6728,82.8211,224.778,26.273,27.3789,39.6204,33.2904,33.2179,39.4339,154.489,29.8325,43.563,20.0222,13.3863,85.835,150.643,223.145,79.8239,504.149,94.7679,16.1888,409.397,139.519,53.3393,71.4771,80.5099,19.6182,90.9756,157.568,48.1886,154.158,1320.47,182.375,57.5095,129.278,1382.32,32.1908,161.795,529.857,40.7705,111.264,1415.73,36.5711,127.705,39.2759,57.1232,50.6316,1339.82,27.6824,215.514,1385.35,1319.08,17.4087,1573.36,1493.23,107.549,330.57,61.1782,1412.98,24.997,73.6171,220.948,1316.77,1315.89,22.8403,12.1781,240.15,20.7825,67.4148,110.481,32.2816,115.133,245.849,45.398,21.0005,99.3967,44.9903,163.029,31.1537,232.322,232.361,54.9151,33.2852,156.403,75.5541,165.025,392.156,75.3238,41.0022,145.918,43.9054,29.8176,31.1812,117.37,130.444,21.387,1341.28,1348.84,1456.49,1315.43,1363.17,1420.85,1315.61,1322.84,1363.25,16.1591,58.7852,27.7534,64.3748,87.0274,215.278,60.2372,90.5203,262.623,6.1826,23.5202,38.9305,114.435,41.9394,6.01685,30.6536,59.6386,148.761,37.5467,28.799,212.019,21.3187,43.5417,96.9143,121.783,22.8853,49.2276,80.9047,129.357,18.9661,219.213,132.748,26.3401,29.1572,70.0199,77.416,45.2263,103.775,68.637,44.8755,120.95,725.678,350.065,39.6175,191.547,97.1582,24.8369,17.3193,57.7534,212.107,1327.82,1339.79,283.538,1641.43,1385.18,113.461,183.098,42.2643,22.3375,204.455,125.782,127.526,88.7071,31.6083,80.1694,183.593,244.41,398.985,814.845,601.225,384.999,155.609,272.698,90.4382,38.4225,1421.15,93.0634,171.831],[78.3387,77.0688,690.416,173.408,401.879,104.92,254.782,175.537,247.369,58.0178,423.704,134.947,361.444,230.652,339.388,210.292,176.459,128.943,503.374,1031.16,84.1597,123.967,0,73.3611,348.051,119.707,266.337,110.964,49.4637,441.549,652.112,122.824,208.694,1234.77,427.172,179.971,223.458,22.3103,234.068,285.777,65.4289,142.893,361.985,127.791,27.5163,297.599,140.691,124.642,66.3626,67.117,184.958,141.379,359.518,89.6618,139.695,119.14,130.351,100.888,77.9367,84.1456,75.7174,753.294,52.2742,87.9304,692.101,263.705,119.242,276.844,250.496,194.327,192.989,254.218,51.4135,25.873,1327.1,205.629,36.2893,61.358,1225.16,134.878,285.233,868.93,193.882,67.6319,1228.16,61.079,116.845,180.558,133.813,57.8209,1226.4,86.5672,38.9,1220.84,1320.25,69.6614,1293.1,1263.81,73.0529,502.594,126.251,1224.25,152.086,74.1466,85.8079,1308.5,1253.67,190.056,182.807,186.812,65.0138,38.0892,16.5569,163.